John Fredricks 102 70.00 90.00 104.00 305.00 408.00
Jane Williams 104 89.00 105.00 70.00 400.00 207.00
Scott Howard 103 100.00 100.00 100.00 100.00 100.00
Fred Wilkes 105 189.00 207.00 306.00 99.00 203.00
Karen Ulton 109 100.00 300.00 305.00 206.00 200.00
Mary Fields 201 103.00 203.00 203.00 205.00 306.00
Jill Moore 185 203.00 204.00 206.00 307.00 200.00
Bill Craig 170 203.00 200.00 192.00 198.00 147.00
Steve Sheve 175 102.00 105.00 107.00 202.00 148.00
Craig Ashen 176 202.00 102.00 104.00 105.00 207.00
Sue Smith 177 70.00 90.00 104.00 305.00 408.00
Dave Johnson 302 89.00 105.00 70.00 400.00 207.00
Rod Froche 304 100.00 100.00 100.00 100.00 100.00
Laura Suppes 303 189.00 207.00 306.00 99.00 203.00
Cecil Paulson 252 100.00 300.00 305.00 206.00 200.00
Larry Mann 257 103.00 203.00 203.00 205.00 306.00
Lucy Stone 306 203.00 204.00 206.00 307.00 200.00
Kathy Lonson 309 203.00 200.00 192.00 198.00 147.00
Pete Derteve 401 102.00 105.00 107.00 202.00 148.00
Doug Blandon 407 202.00 102.00 104.00 105.00 207.00
Bea Xerses 358 70.00 90.00 104.00 305.00 408.00
Al Bethere 346 89.00 105.00 70.00 400.00 207.00
Ron Treseski 349 100.00 100.00 100.00 100.00 100.00
Howard Simon 330 189.00 207.00 306.00 99.00 203.00
Cindy Kalli 321 100.00 300.00 305.00 206.00 200.00
Judy Zeusche 347 103.00 203.00 203.00 205.00 306.00
John Gein 327 203.00 204.00 206.00 307.00 200.00
Ed Graham 415 203.00 200.00 192.00 198.00 147.00
Frank Verski 416 102.00 105.00 107.00 202.00 148.00
Shiela Ulton 297 202.00 102.00 104.00 105.00 207.00